17, 1.875 到 17.5, 2,第 0
17.5, 2 到 19, 2,第 1
33, 2 到 35, 2,第 2
31, 1.875 到 32.5, 2.25,第 3
32.5, 2.25 到 33, 2,第 4
3, 2.375 到 5, 1.875,第 5
7, 2.375 到 9, 1.875,第 6
5, 1.875 到 7, 2.375,第 7
7, 2.375 到 7, 2.375,第 8
11, 2.375 到 13, 1.875,第 9
9, 1.875 到 11, 2.375,第 10
11, 2.375 到 11, 2.375,第 11
15, 2.375 到 17, 1.875,第 12
13, 1.875 到 15, 2.375,第 13
15, 2.375 到 15, 2.375,第 14
29, 2.375 到 31, 1.875,第 15
1, 1 到 2.64286, 2.64286,第 16
2.64286, 2.64286 到 3, 2.375,第 17
2.5, 3 到 2.64286, 2.64286,第 18
19, 2 到 21, 3,第 19
35, 2 到 37, 3,第 20
37, 3 到 37, 3,第 21
37, 3 到 39, 1,第 22
37, 3 到 37, 3,第 23
2.5, 5 到 2.5, 3,第 24
27, 3.875 到 29, 2.375,第 25
17.5, 6 到 17.5, 2,第 26
37, 5 到 37, 3,第 27
32.5, 6 到 32.5, 2.25,第 28
32.5, 6 到 32.5, 6,第 29
7, 6 到 7, 2.375,第 30
2.5, 5 到 2.9, 6,第 31
2.9, 6 到 7, 6,第 32
32.5, 6 到 36.6667, 6,第 33
36.6667, 6 到 37, 5,第 34
2.5, 7 到 2.9, 6,第 35
15, 6.625 到 15, 2.375,第 36
15, 6.625 到 17.5, 6,第 37
21, 3 到 23, 5,第 38
36.6667, 6 到 37, 7,第 39
32.5, 9 到 32.5, 6,第 40
32.5, 9 到 32.5, 9,第 41
2.5, 9 到 2.5, 7,第 42
7, 6 到 9, 8,第 43
17.5, 6 到 23.6667, 6,第 44
23, 5 到 23.6667, 6,第 45
25.3, 6 到 27, 3.875,第 46
25.3, 6 到 32.5, 6,第 47
13.9, 8 到 15, 6.625,第 48
37, 9 到 37, 7,第 49
32.5, 9 到 37, 9,第 50
37, 9 到 37, 9,第 51
25, 6.1875 到 25.3, 6,第 52
11, 8 到 11, 2.375,第 53
11, 8 到 13.9, 8,第 54
9, 8 到 11, 8,第 55
11, 8 到 11, 8,第 56
13.9, 8 到 15, 9.375,第 57
15, 9.375 到 17.5, 10,第 58
7, 10 到 9, 8,第 59
2.5, 9 到 2.9, 10,第 60
2.9, 10 到 7, 10,第 61
23.6667, 6 到 24.5, 6.625,第 62
24.5, 6.625 到 25, 6.1875,第 63
2.5, 11 到 2.9, 10,第 64
37, 11 到 37, 9,第 65
24.5, 9 到 24.5, 6.625,第 66
24.5, 9 到 32.5, 9,第 67
2.5, 13 到 2.5, 11,第 68
17.5, 10 到 24.3462, 10,第 69
24.3462, 10 到 24.5, 9,第 70
36.3333, 13 到 37, 11,第 71
24.3462, 10 到 24.4091, 10.4091,第 72
24.4091, 10.4091 到 25.5, 11.5,第 73
2.5, 13 到 3.3, 15,第 74
3.3, 15 到 3.59677, 15.371,第 75
16.5, 15.5 到 17.5, 15.5,第 76
17.5, 15.5 到 17.5, 10,第 77
7, 15.2857 到 7, 10,第 78
11, 15.2857 到 11, 8,第 79
15, 15.2857 到 15, 9.375,第 80
15, 15.2857 到 16.5, 15.5,第 81
3.59677, 15.371 到 6, 15.7143,第 82
6, 15.7143 到 7, 15.2857,第 83
7, 15.2857 到 10, 15.7143,第 84
10, 15.7143 到 11, 15.2857,第 85
11, 15.2857 到 14, 15.7143,第 86
14, 15.7143 到 15, 15.2857,第 87
2.375, 17 到 3.59677, 15.371,第 88
25.5, 18 到 25.5, 11.5,第 89
25.5, 18 到 25.5, 18,第 90
35, 15 到 36.3333, 13,第 91
17.5, 15.5 到 19.883, 15.8404,第 92
19.883, 15.8404 到 24.4091, 10.4091,第 93
1.875, 19 到 2.375, 17,第 94
25.5, 11.5 到 32.5, 15.5,第 95
32.5, 15.5 到 32.5, 9,第 96
19.883, 15.8404 到 20.5, 18,第 97
20.5, 18 到 25.5, 18,第 98
32.5, 15.5 到 33.5, 16.5,第 99
33.5, 16.5 到 35, 15,第 100
16.5, 21 到 16.5, 15.5,第 101
33.5, 16.5 到 33.5385, 17,第 102
1.875, 19 到 2.375, 21,第 103
2.375, 21 到 2.375, 21,第 104
2.375, 21 到 6, 21,第 105
6, 21 到 6, 15.7143,第 106
25.5, 18 到 33.4615, 18,第 107
33.4615, 18 到 33.5385, 17,第 108
14, 21.625 到 14, 15.7143,第 109
14, 21.625 到 16.5, 21,第 110
16.5, 21 到 20.5, 21,第 111
20.5, 21 到 20.5, 18,第 112
1.875, 23 到 2.375, 21,第 113
33.4615, 18 到 33.5385, 19,第 114
6, 21 到 8, 23,第 115
12.9, 23 到 14, 21.625,第 116
10, 23 到 10, 15.7143,第 117
10, 23 到 12.9, 23,第 118
8, 23 到 10, 23,第 119
10, 23 到 10, 23,第 120
1.875, 23 到 2.375, 25,第 121
2.375, 25 到 2.375, 25,第 122
12.9, 23 到 14, 24.375,第 123
14, 24.375 到 16.5, 25,第 124
33.3846, 21 到 33.5385, 19,第 125
2.375, 25 到 6, 25,第 126
6, 25 到 8, 23,第 127
1.875, 27 到 2.375, 25,第 128
32.9231, 23 到 33.3846, 21,第 129
16.5, 25 到 22.7857, 25,第 130
20.5, 21 到 22.7857, 25,第 131
1.875, 27 到 2.375, 29,第 132
32.1538, 25 到 32.9231, 23,第 133
6, 30.2857 到 6, 25,第 134
2.375, 29 到 3.59677, 30.629,第 135
3.59677, 30.629 到 6, 30.2857,第 136
6, 30.2857 到 6.5, 30.5,第 137
16.5, 30.6429 到 16.5, 25,第 138
16.5, 30.6429 到 19.5, 30.2143,第 139
3.3, 31 到 3.59677, 30.629,第 140
6.5, 30.5 到 10, 30.5,第 141
10, 30.5 到 10, 23,第 142
19.5, 30.2143 到 25.0926, 27.0185,第 143
22.7857, 25 到 25.0926, 27.0185,第 144
25.0926, 27.0185 到 25.5, 27.1,第 145
25.5, 27.1 到 25.5, 18,第 146
2.5, 33 到 3.3, 31,第 147
31.0769, 27 到 32.1538, 25,第 148
14, 31.3571 到 14, 24.375,第 149
14, 31.3571 到 16.5, 30.6429,第 150
6.5, 35 到 6.5, 30.5,第 151
6.5, 35 到 6.5, 35,第 152
19.5, 35 到 19.5, 30.2143,第 153
19.5, 35 到 19.5, 35,第 154
10, 30.5 到 13, 32.2143,第 155
13, 32.2143 到 14, 31.3571,第 156
2.5, 35 到 2.5, 33,第 157
2.5, 35 到 6.5, 35,第 158
2.5, 35 到 2.5, 35,第 159
25.5, 27.1 到 29.8133, 28.8253,第 160
29.8133, 28.8253 到 31.0769, 27,第 161
29.8133, 28.8253 到 29.8684, 29,第 162
2.5, 37 到 2.5, 35,第 163
29.8684, 29 到 30.1, 30.1,第 164
19.5, 35 到 25.9, 35,第 165
6.5, 37.75 到 6.5, 35,第 166
19.5, 37.75 到 19.5, 35,第 167
30.1, 30.1 到 31, 31,第 168
31, 31 到 31, 31,第 169
29, 31.75 到 30.1, 30.1,第 170
31, 31 到 33, 33,第 171
33, 33 到 33, 33,第 172
2.5, 37 到 2.64286, 37.3571,第 173
25.9, 35 到 27, 34.0833,第 174
27, 34.0833 到 29, 31.75,第 175
13, 35 到 19.5, 35,第 176
13, 35 到 13, 32.2143,第 177
13, 35 到 13, 35,第 178
6.5, 35 到 13, 35,第 179
13, 35 到 13, 35,第 180
13, 35 到 13, 35,第 181
33, 33 到 35, 35,第 182
35, 35 到 35, 35,第 183
25, 36.125 到 25.9, 35,第 184
11, 37 到 13, 35,第 185
13, 35 到 15, 37,第 186
35, 35 到 37, 37,第 187
37, 37 到 37, 37,第 188
2.64286, 37.3571 到 3, 37.625,第 189
23, 37.625 到 25, 36.125,第 190
6.5, 37.75 到 7, 38,第 191
7, 38 到 9, 38,第 192
9, 38 到 11, 37,第 193
15, 37 到 17, 38,第 194
17, 38 到 19, 38,第 195
19, 38 到 19.5, 37.75,第 196
3, 37.625 到 5, 38.125,第 197
5, 38.125 到 6.5, 37.75,第 198
19.5, 37.75 到 21, 38.125,第 199
21, 38.125 到 23, 37.625,第 200
1, 39 到 2.64286, 37.3571,第 201
37, 37 到 39, 39,第 202
