50, 15 到 60, 20, 第 0
60, 20 到 80, 20, 第 1
50, 15 到 60, 20, 第 2
50, 15 到 60, 20, 第 3
60, 20 到 80, 20, 第 4
50, 15 到 60, 20, 第 5
50, 15 到 60, 20, 第 6
60, 20 到 80, 20, 第 7
50, 15 到 60, 20, 第 8
50, 15 到 60, 20, 第 9
80, 20 到 90, 15, 第 10
80, 20 到 90, 15, 第 11
365, 25 到 370, 20, 第 12
80, 20 到 90, 15, 第 13
50, 15 到 60, 20, 第 14
80, 20 到 90, 15, 第 15
60, 20 到 80, 20, 第 16
60, 20 到 80, 20, 第 17
50, 15 到 60, 20, 第 18
50, 15 到 60, 20, 第 19
50, 15 到 60, 20, 第 20
80, 20 到 90, 15, 第 21
90, 15 到 100, 20, 第 22
50, 15 到 60, 20, 第 23
320, 90 到 325, 85, 第 24
50, 15 到 60, 20, 第 25
60, 20 到 80, 20, 第 26
139, 80 到 140, 78.75, 第 27
139, 80 到 140, 81.25, 第 28
60, 20 到 80, 20, 第 29
60, 20 到 80, 20, 第 30
245, 63.3333 到 250, 56.6667, 第 31
50, 15 到 60, 20, 第 32
50, 15 到 60, 20, 第 33
245, 70 到 245, 63.3333, 第 34
50, 15 到 60, 20, 第 35
60, 20 到 80, 20, 第 36
239.167, 110 到 245, 105, 第 37
50, 15 到 60, 20, 第 38
245, 105 到 250, 110, 第 39
50, 15 到 60, 20, 第 40
80, 20 到 90, 15, 第 41
90, 15 到 100, 20, 第 42
165, 155 到 175, 155, 第 43
50, 15 到 60, 20, 第 44
50, 15 到 60, 20, 第 45
50, 15 到 60, 20, 第 46
50, 15 到 60, 20, 第 47
50, 15 到 60, 20, 第 48
50, 15 到 60, 20, 第 49
50, 15 到 60, 20, 第 50
50, 15 到 60, 20, 第 51
50, 15 到 60, 20, 第 52
50, 15 到 60, 20, 第 53
60, 20 到 80, 20, 第 54
60, 20 到 80, 20, 第 55
120, 20 到 130, 15, 第 56
120, 20 到 130, 15, 第 57
80, 20 到 90, 15, 第 58
60, 20 到 80, 20, 第 59
60, 20 到 80, 20, 第 60
50, 15 到 60, 20, 第 61
329.615, 160.385 到 335, 155, 第 62
60, 20 到 80, 20, 第 63
60, 20 到 80, 20, 第 64
50, 15 到 60, 20, 第 65
60, 20 到 80, 20, 第 66
60, 20 到 80, 20, 第 67
60, 20 到 80, 20, 第 68
129, 230 到 130, 228.75, 第 69
129, 230 到 130, 231.25, 第 70
90, 15 到 100, 20, 第 71
60, 20 到 80, 20, 第 72
60, 20 到 80, 20, 第 73
60, 20 到 80, 20, 第 74
90, 15 到 100, 20, 第 75
90, 15 到 100, 20, 第 76
50, 15 到 60, 20, 第 77
50, 15 到 60, 20, 第 78
50, 15 到 60, 20, 第 79
60, 20 到 80, 20, 第 80
60, 20 到 80, 20, 第 81
50, 15 到 60, 20, 第 82
100, 20 到 120, 20, 第 83
250, 269.375 到 250.789, 270.263, 第 84
60, 20 到 80, 20, 第 85
50, 15 到 60, 20, 第 86
50, 15 到 60, 20, 第 87
80, 20 到 90, 15, 第 88
60, 20 到 80, 20, 第 89
60, 20 到 80, 20, 第 90
50, 15 到 60, 20, 第 91
60, 20 到 80, 20, 第 92
80, 20 到 90, 15, 第 93
50, 15 到 60, 20, 第 94
60, 20 到 80, 20, 第 95
60, 20 到 80, 20, 第 96
50, 15 到 60, 20, 第 97
90, 15 到 100, 20, 第 98
50, 15 到 60, 20, 第 99
90, 15 到 100, 20, 第 100
50, 15 到 60, 20, 第 101
50, 15 到 60, 20, 第 102
50, 15 到 60, 20, 第 103
100, 20 到 120, 20, 第 104
50, 15 到 60, 20, 第 105
90, 15 到 100, 20, 第 106
100, 20 到 120, 20, 第 107
60, 20 到 80, 20, 第 108
80, 20 到 90, 15, 第 109
205, 382.5 到 210, 385, 第 110
50, 15 到 60, 20, 第 111
50, 15 到 60, 20, 第 112
50, 15 到 60, 20, 第 113
50, 15 到 60, 20, 第 114
60, 20 到 80, 20, 第 115
50, 15 到 60, 20, 第 116
50, 15 到 60, 20, 第 117
50, 15 到 60, 20, 第 118
50, 15 到 60, 20, 第 119
60, 20 到 80, 20, 第 120
50, 15 到 60, 20, 第 121
50, 15 到 60, 20, 第 122
50, 15 到 60, 20, 第 123
50, 15 到 60, 20, 第 124
50, 15 到 60, 20, 第 125
50, 15 到 60, 20, 第 126
50, 15 到 60, 20, 第 127
50, 15 到 60, 20, 第 128
50, 15 到 60, 20, 第 129
50, 15 到 60, 20, 第 130
50, 15 到 60, 20, 第 131
50, 15 到 60, 20, 第 132
60, 20 到 80, 20, 第 133
50, 15 到 60, 20, 第 134
60, 20 到 80, 20, 第 135
100, 20 到 120, 20, 第 136
60, 20 到 80, 20, 第 137
50, 15 到 60, 20, 第 138
50, 15 到 60, 20, 第 139
50, 15 到 60, 20, 第 140
50, 15 到 60, 20, 第 141
60, 20 到 80, 20, 第 142
