650, 24 可 0
10, 5 可 1
90, 30 可 2
125, 32 可 3
165, 32 可 4
205, 32 可 5
245, 32 可 6
290, 30 可 7
325, 32 可 8
365, 32 可 9
850, 30 可 10
393, 31 可 11
410, 29 可 12
275, 32 可 13
110, 30 可 14
150, 30 可 15
190, 30 可 16
310, 30 可 17
230, 30 可 18
350, 30 可 19
70, 37 可 20
630, 39 可 21
770, 24 可 22
430, 32 可 23
30, 30 可 24
830, 50 可 25
50, 50 可 26
450, 43 可 27
51, 75 可 28
790, 39 可 29
610, 64 可 30
811, 66 可 31
50, 90 可 32
730, 95 可 33
690, 95 可 34
470, 59 可 35
51, 115 可 36
489, 81 可 37
806, 90 可 38
755, 95 可 39
50, 130 可 40
591, 95 可 41
814, 110 可 42
51, 155 可 43
819, 130 可 44
570, 108 可 45
50, 170 可 46
819, 170 可 47
510, 99 可 48
51, 195 可 49
529, 121 可 50
550, 123 可 51
50, 210 可 52
541, 131 可 53
820, 208 可 54
51, 235 可 55
820, 230 可 56
540, 165 可 57
50, 250 可 58
817, 250 可 59
50, 270 可 60
540, 203 可 61
810, 270 可 62
50, 290 可 63
540, 220 可 64
519, 240 可 65
530, 231 可 66
570, 248 可 67
492, 270 可 68
800, 290 可 69
54, 310 可 70
363, 339 可 71
52, 350 可 72
64, 333 可 73
90, 341 可 74
125, 340 可 75
165, 340 可 76
205, 340 可 77
245, 340 可 78
285, 340 可 79
325, 340 可 80
787, 310 可 81
595, 263 可 82
41, 370 可 83
395, 340 可 84
435, 350 可 85
35, 390 可 86
770, 330 可 87
36, 415 可 88
35, 430 可 89
753, 348 可 90
443, 370 可 91
690, 315 可 92
36, 455 可 93
443, 420 可 94
730, 348 可 95
740, 365 可 96
35, 470 可 97
36, 495 可 98
740, 408 可 99
35, 510 可 100
36, 535 可 101
740, 430 可 102
35, 550 可 103
450, 460 可 104
739, 450 可 105
36, 575 可 106
736, 470 可 107
35, 590 可 108
731, 490 可 109
35, 608 可 110
468, 500 可 111
726, 510 可 112
719, 530 可 113
37, 630 可 114
499, 540 可 115
90, 663 可 116
710, 550 可 117
110, 667 可 118
130, 663 可 119
150, 667 可 120
172, 664 可 121
46, 650 可 122
59, 669 可 123
365, 670 可 124
400, 670 可 125
530, 569 可 126
49, 690 可 127
440, 657 可 128
700, 570 可 129
330, 679 可 130
518, 605 可 131
543, 584 可 132
45, 710 可 133
210, 667 可 134
46, 735 可 135
689, 590 可 136
570, 594 可 137
45, 750 可 138
290, 702 可 139
250, 685 可 140
281, 711 可 141
676, 610 可 142
46, 773 可 143
44, 790 可 144
280, 745 可 145
660, 632 可 146
595, 604 可 147
280, 777 可 148
663, 650 可 149
668, 668 可 150
650, 685 可 151
630, 709 可 152
690, 690 可 153
710, 710 可 154
610, 730 可 155
589, 749 可 156
730, 730 可 157
750, 750 可 158
570, 770 可 159
47, 810 可 160
291, 789 可 161
549, 789 可 162
770, 770 可 163
270, 791 可 164
250, 808 可 165
790, 790 可 166
530, 811 可 167
230, 822 可 168
310, 811 可 169
510, 828 可 170
51, 829 可 171
810, 810 可 172
210, 831 可 173
150, 833 可 174
110, 833 可 175
172, 835 可 176
190, 835 可 177
70, 833 可 178
90, 836 可 179
130, 836 可 180
330, 828 可 181
490, 839 可 182
350, 839 可 183
435, 844 可 184
450, 845 可 185
470, 845 可 186
370, 845 可 187
395, 844 可 188
410, 845 可 189
30, 850 可 190
830, 830 可 191
5, 870 可 192
850, 850 可 193
0, 30 可 194
0, 50 可 195
0, 70 可 196
0, 90 可 197
0, 110 可 198
0, 130 可 199
0, 150 可 200
0, 170 可 201
0, 190 可 202
0, 210 可 203
0, 230 可 204
0, 250 可 205
0, 270 可 206
0, 290 可 207
0, 310 可 208
0, 330 可 209
0, 350 可 210
0, 370 可 211
0, 390 可 212
0, 410 可 213
0, 430 可 214
0, 450 可 215
0, 470 可 216
0, 490 可 217
0, 510 可 218
0, 530 可 219
0, 550 可 220
0, 570 可 221
0, 590 可 222
0, 610 可 223
0, 630 可 224
0, 650 可 225
0, 670 可 226
0, 690 可 227
0, 710 可 228
0, 730 可 229
0, 750 可 230
0, 770 可 231
0, 790 可 232
0, 810 可 233
0, 830 可 234
0, 850 可 235
30, 880 可 236
50, 880 可 237
70, 880 可 238
90, 880 可 239
110, 880 可 240
130, 880 可 241
150, 880 可 242
170, 880 可 243
190, 880 可 244
210, 880 可 245
230, 880 可 246
250, 880 可 247
270, 880 可 248
290, 880 可 249
310, 880 可 250
330, 880 可 251
350, 880 可 252
370, 880 可 253
390, 880 可 254
410, 880 可 255
430, 880 可 256
450, 880 可 257
470, 880 可 258
490, 880 可 259
510, 880 可 260
530, 880 可 261
550, 880 可 262
570, 880 可 263
590, 880 可 264
610, 880 可 265
630, 880 可 266
650, 880 可 267
670, 880 可 268
690, 880 可 269
710, 880 可 270
730, 880 可 271
750, 880 可 272
770, 880 可 273
790, 880 可 274
810, 880 可 275
830, 880 可 276
850, 880 可 277
870, 875 可 278
740, 390 可 279
820, 190 可 280
820, 150 可 281
875, 10 可 282
670, 19 可 283
446, 405 可 284
90, 605 可 285
365, 605 可 286
880, 850 可 287
880, 830 可 288
880, 810 可 289
880, 790 可 290
880, 770 可 291
880, 750 可 292
880, 730 可 293
880, 710 可 294
880, 690 可 295
880, 670 可 296
880, 650 可 297
880, 630 可 298
880, 610 可 299
880, 590 可 300
880, 570 可 301
880, 550 可 302
880, 530 可 303
880, 510 可 304
880, 490 可 305
880, 470 可 306
880, 450 可 307
880, 430 可 308
880, 410 可 309
880, 390 可 310
880, 370 可 311
880, 350 可 312
880, 330 可 313
880, 310 可 314
880, 290 可 315
880, 270 可 316
880, 250 可 317
880, 230 可 318
880, 210 可 319
880, 190 可 320
880, 170 可 321
880, 150 可 322
880, 130 可 323
880, 110 可 324
880, 90 可 325
880, 70 可 326
880, 50 可 327
880, 30 可 328
850, 0 可 329
830, 0 可 330
810, 0 可 331
790, 0 可 332
770, 0 可 333
650, 0 可 334
630, 0 可 335
610, 0 可 336
590, 0 可 337
570, 0 可 338
550, 0 可 339
530, 0 可 340
510, 0 可 341
490, 0 可 342
470, 0 可 343
450, 0 可 344
430, 0 可 345
410, 0 可 346
390, 0 可 347
370, 0 可 348
350, 0 可 349
330, 0 可 350
310, 0 可 351
290, 0 可 352
270, 0 可 353
250, 0 可 354
230, 0 可 355
210, 0 可 356
190, 0 可 357
170, 0 可 358
150, 0 可 359
130, 0 可 360
110, 0 可 361
90, 0 可 362
70, 0 可 363
50, 0 可 364
30, 0 可 365
